0.06683703511953353882
0.08673812448978424072
-0.00091280858032405376
0.00857842620462179184
0.01553803589195013046
0.05153315514326095581
0.02338212355971336365
0.00750972004607319832
0.01945738121867179871
0.00163257704116404057
0.02805651351809501648
0.00003028288483619690
0.03071425110101699829
0.00364235020242631435
0.05089334398508071899
0.03516018763184547424
-0.00069887912832200527
-0.00134925614111125469
0.01504222489893436432
-0.00049438379937782884
0.00742615573108196259
0.05332637950778007507
-0.00147844641469419003
-0.00121050293091684580
-0.00127028371207416058
0.00060612929519265890
0.00727338483557105064
0.00024785083951428533
0.00006402468716260046
-0.00035589275648817420
0.00021520812879316509
-0.00007576541975140572
