-0.01007919944822788239
-0.00777857843786478043
-0.02325346879661083221
-0.01692630536854267120
-0.00536946300417184830
0.03195330873131752014
0.00279263989068567753
0.00169694132637232542
-0.01559815462678670883
-0.01344343833625316620
-0.00602640071883797646
-0.00379528058692812920
0.00501388683915138245
-0.01919365115463733673
-0.00503704044967889786
-0.01178823970258235931
-0.00044941133819520473
0.00815603602677583694
-0.01299953460693359375
-0.00703308265656232834
-0.00934309978038072586
-0.00670051015913486481
-0.00670022703707218170
-0.00386287644505500793
0.00794823374599218369
-0.00347983906976878643
-0.01188508234918117523
-0.00691135134547948837
-0.00759815843775868416
0.00016597774811089039
-0.00433903466910123825
-0.00730513315647840500
